+-------+--------------------+-------------------------+------------------------------------------+-----------+-----------------+---------------------+--------------+
| month | active miner count | hosting_invoice_balance | hosting_invoice_balance_left_to_pay ($0) | BTC_start | BTC_used_to_pay | BTC_remaining_after | BTC_all_time |
+-------+--------------------+-------------------------+------------------------------------------+-----------+-----------------+---------------------+--------------+
|   1   |        874         |         131,100         |                 131,100                  |  9.9636   |      6.555      |       3.4086        |    3.4086    |
|   2   |        880         |         132,000         |                 132,000                  |  10.032   |       6.6       |        3.432        |    6.8406    |
|   3   |        886         |         132,900         |                 132,900                  |  10.1004  |      6.645      |       3.4554        |    10.296    |
|   4   |        892         |         133,800         |                 133,800                  |  10.1688  |      6.69       |       3.4788        |   13.7748    |
|   5   |        897         |         134,550         |                 134,550                  |  10.2258  |     6.7275      |       3.4983        |   17.2731    |
|   6   |        903         |         135,450         |                 135,450                  |  10.2942  |     6.7725      |       3.5217        |   20.7948    |
|   7   |        909         |         136,350         |                 136,350                  |  10.3626  |     6.8175      |       3.5451        |   24.3399    |
|   8   |        915         |         137,250         |                 137,250                  |  10.431   |     6.8625      |       3.5685        |   27.9084    |
|   9   |        921         |         138,150         |                 138,150                  |  10.4994  |     6.9075      |       3.5919        |   31.5003    |
|  10   |        927         |         139,050         |                 139,050                  |  10.5678  |     6.9525      |       3.6153        |   35.1156    |
|  11   |        933         |         139,950         |                 139,950                  |  10.6362  |     6.9975      |       3.6387        |   38.7543    |
|  12   |        939         |         140,850         |                 140,850                  |  9.5778   |      4.695      |       4.8828        |   43.6371    |
|  13   |        945         |         141,750         |                 141,750                  |   9.639   |      4.725      |        4.914        |   48.5511    |
|  14   |        951         |         142,650         |                 142,650                  |  9.7002   |      4.755      |       4.9452        |   53.4963    |
|  15   |        957         |         143,550         |                 143,550                  |  9.7614   |      4.785      |       4.9764        |   58.4727    |
|  16   |        963         |         144,450         |                 144,450                  |  9.8226   |      4.815      |       5.0076        |   63.4803    |
|  17   |        970         |         145,500         |                 145,500                  |   9.894   |      4.85       |        5.044        |   68.5243    |
|  18   |        976         |         146,400         |                 146,400                  |  9.9552   |      4.88       |       5.0752        |   73.5995    |
|  19   |        982         |         147,300         |                 147,300                  |  10.0164  |      4.91       |       5.1064        |   78.7059    |
|  20   |        989         |         148,350         |                 148,350                  |  10.0878  |      4.945      |       5.1428        |   83.8487    |
|  21   |        995         |         149,250         |                 149,250                  |  10.149   |      4.975      |        5.174        |   89.0227    |
|  22   |       1,002        |         150,300         |                 150,300                  |  10.2204  |      5.01       |       5.2104        |   94.2331    |
|  23   |       1,008        |         151,200         |                 151,200                  |  10.2816  |      5.04       |       5.2416        |   99.4747    |
|  24   |       1,015        |         152,250         |                 152,250                  |  5.1765   |     3.80625     |       1.37025       |  100.84495   |
|  25   |       1,016        |         152,400         |                 152,400                  |  5.1816   |      3.81       |       1.3716        |  102.21655   |
|  26   |       1,018        |         152,700         |                 152,700                  |  5.1918   |     3.8175      |       1.3743        |  103.59085   |
|  27   |       1,019        |         152,850         |                 152,850                  |  5.1969   |     3.82125     |       1.37565       |   104.9665   |
|  28   |       1,021        |         153,150         |                 153,150                  |  5.2071   |     3.82875     |       1.37835       |  106.34485   |
|  29   |       1,022        |         153,300         |                 153,300                  |  5.2122   |     3.8325      |       1.3797        |  107.72455   |
|  30   |       1,024        |         153,600         |                 153,600                  |  5.2224   |      3.84       |       1.3824        |  109.10695   |
|  31   |       1,025        |         153,750         |                 153,750                  |  5.2275   |     3.84375     |       1.38375       |   110.4907   |
|  32   |       1,027        |         154,050         |                 154,050                  |  5.2377   |     3.85125     |       1.38645       |  111.87715   |
|  33   |       1,028        |         154,200         |                 154,200                  |  5.2428   |      3.855      |       1.3878        |  113.26495   |
|  34   |       1,030        |         154,500         |                 154,500                  |   5.253   |     3.8625      |       1.3905        |  114.65545   |
|  35   |       1,031        |         154,650         |                 154,650                  |  5.2581   |     3.86625     |       1.39185       |   116.0473   |
|  36   |       1,033        |         154,950         |                 154,950                  |  4.9584   |   3.44333333    |     1.51506667      | 117.56236667 |
|  37   |       1,034        |         155,100         |                 155,100                  |  4.9632   |   3.44666667    |     1.51653333      |   119.0789   |
|  38   |       1,035        |         155,250         |                 155,250                  |   4.968   |      3.45       |        1.518        |   120.5969   |
|  39   |       1,037        |         155,550         |                 155,550                  |  4.9776   |   3.45666667    |     1.52093333      | 122.11783333 |
|  40   |       1,038        |         155,700         |                 155,700                  |  4.9824   |      3.46       |       1.5224        | 123.64023333 |
|  41   |       1,039        |         155,850         |                 155,850                  |  4.9872   |   3.46333333    |     1.52386667      |   125.1641   |
|  42   |       1,040        |         156,000         |                 156,000                  |   4.992   |   3.46666667    |     1.52533333      | 126.68943333 |
|  43   |       1,042        |         156,300         |                 156,300                  |  5.0016   |   3.47333333    |     1.52826667      |   128.2177   |
|  44   |       1,043        |         156,450         |                 156,450                  |  5.0064   |   3.47666667    |     1.52973333      | 129.74743333 |
|  45   |       1,044        |         156,600         |                 156,600                  |  5.0112   |      3.48       |       1.5312        | 131.27863333 |
|  46   |       1,046        |         156,900         |                 156,900                  |  5.0208   |   3.48666667    |     1.53413333      | 132.81276666 |
|  47   |       1,047        |         157,050         |                 157,050                  |  5.0256   |      3.49       |       1.5356        | 134.34836666 |
|  48   |       1,048        |         157,200         |                 157,200                  |  4.4016   |      1.572      |       2.8296        | 137.17796666 |
|  49   |       1,053        |         157,950         |                 157,950                  |  4.4226   |     1.5795      |       2.8431        | 140.02106666 |
|  50   |       1,058        |         158,700         |                 158,700                  |  4.4436   |      1.587      |       2.8566        | 142.87766666 |
|  51   |       1,062        |         159,300         |                 159,300                  |  4.4604   |      1.593      |       2.8674        | 145.74506666 |
|  52   |       1,067        |         160,050         |                 160,050                  |  4.4814   |     1.6005      |       2.8809        | 148.62596666 |
|  53   |       1,072        |         160,800         |                 160,800                  |  4.5024   |      1.608      |       2.8944        | 151.52036666 |
|  54   |       1,077        |         161,550         |                 161,550                  |  4.5234   |     1.6155      |       2.9079        | 154.42826666 |
|  55   |       1,082        |         162,300         |                 162,300                  |  4.5444   |      1.623      |       2.9214        | 157.34966666 |
|  56   |       1,086        |         162,900         |                 162,900                  |  4.5612   |      1.629      |       2.9322        | 160.28186666 |
|  57   |       1,091        |         163,650         |                 163,650                  |  4.5822   |     1.6365      |       2.9457        | 163.22756666 |
|  58   |       1,096        |         164,400         |                 164,400                  |  4.6032   |      1.644      |       2.9592        | 166.18676666 |
|  59   |       1,101        |         165,150         |                 165,150                  |  4.6242   |     1.6515      |       2.9727        | 169.15946666 |
|  60   |        232         |         34,800          |                  34,800                  |  0.8352   |   0.24857143    |     0.58662857      | 169.74609523 |
|  61   |        227         |         34,050          |                  34,050                  |  0.8172   |   0.24321429    |     0.57398571      | 170.32008094 |
|  62   |        222         |         33,300          |                  33,300                  |  0.7992   |   0.23785714    |     0.56134286      | 170.8814238  |
|  63   |        218         |         32,700          |                  32,700                  |  0.7848   |   0.23357143    |     0.55122857      | 171.43265237 |
|  64   |        214         |         32,100          |                  32,100                  |  0.7704   |   0.22928571    |     0.54111429      | 171.97376666 |
|  65   |        209         |         31,350          |                  31,350                  |  0.7524   |   0.22392857    |     0.52847143      | 172.50223809 |
|  66   |        204         |         30,600          |                  30,600                  |  0.7344   |   0.21857143    |     0.51582857      | 173.01806666 |
|  67   |        199         |         29,850          |                  29,850                  |  0.7164   |   0.21321429    |     0.50318571      | 173.52125237 |
|  68   |        194         |         29,100          |                  29,100                  |  0.6984   |   0.20785714    |     0.49054286      | 174.01179523 |
|  69   |        189         |         28,350          |                  28,350                  |  0.6804   |     0.2025      |       0.4779        | 174.48969523 |
|  70   |        184         |         27,600          |                  27,600                  |  0.6624   |   0.19714286    |     0.46525714      | 174.95495237 |
|  71   |        179         |         26,850          |                  26,850                  |  0.6444   |   0.19178571    |     0.45261429      | 175.40756666 |
|  72   |        174         |         26,100          |                  26,100                  |  0.3132   |    0.163125     |      0.150075       | 175.55764166 |
|  73   |        169         |         25,350          |                  25,350                  |  0.3042   |    0.1584375    |      0.1457625      | 175.70340416 |
|  74   |        163         |         24,450          |                  24,450                  |  0.2934   |    0.1528125    |      0.1405875      | 175.84399166 |
|  75   |        157         |         23,550          |                  23,550                  |  0.2826   |    0.1471875    |      0.1354125      | 175.97940416 |
|  76   |        150         |         22,500          |                  22,500                  |   0.27    |    0.140625     |      0.129375       | 176.10877916 |
|  77   |        145         |         21,750          |                  21,750                  |   0.261   |    0.1359375    |      0.1250625      | 176.23384166 |
|  78   |        139         |         20,850          |                  20,850                  |  0.2502   |    0.1303125    |      0.1198875      | 176.35372916 |
|  79   |        132         |         19,800          |                  19,800                  |  0.2376   |     0.12375     |       0.11385       | 176.46757916 |
|  80   |        127         |         19,050          |                  19,050                  |  0.2286   |    0.1190625    |      0.1095375      | 176.57711666 |
|  81   |        120         |         18,000          |                  18,000                  |   0.216   |     0.1125      |       0.1035        | 176.68061666 |
|  82   |        114         |         17,100          |                  17,100                  |  0.2052   |    0.106875     |      0.098325       | 176.77894166 |
|  83   |        107         |         16,050          |                  16,050                  |  0.1926   |    0.1003125    |      0.0922875      | 176.87122916 |
|  84   |        106         |         15,900          |                  15,900                  |  0.1749   |     0.0795      |       0.0954        | 176.96662916 |
|  85   |        105         |         15,750          |                  15,750                  |  0.17325  |     0.07875     |       0.0945        | 177.06112916 |
|  86   |        104         |         15,600          |                  15,600                  |  0.1716   |      0.078      |       0.0936        | 177.15472916 |
|  87   |        102         |         15,300          |                  15,300                  |  0.1683   |     0.0765      |       0.0918        | 177.24652916 |
|  88   |        101         |         15,150          |                  15,150                  |  0.16665  |     0.07575     |       0.0909        | 177.33742916 |
|  89   |        100         |         15,000          |                  15,000                  |   0.165   |      0.075      |        0.09         | 177.42742916 |
|  90   |         99         |         14,850          |                  14,850                  |  0.16335  |     0.07425     |       0.0891        | 177.51652916 |
|  91   |         97         |         14,550          |                  14,550                  |  0.16005  |     0.07275     |       0.0873        | 177.60382916 |
|  92   |         96         |         14,400          |                  14,400                  |  0.1584   |      0.072      |       0.0864        | 177.69022916 |
|  93   |         95         |         14,250          |                  14,250                  |  0.15675  |     0.07125     |       0.0855        | 177.77572916 |
|  94   |         94         |         14,100          |                  14,100                  |  0.1551   |     0.0705      |       0.0846        | 177.86032916 |
|  95   |         92         |         13,800          |                  13,800                  |  0.1518   |      0.069      |       0.0828        | 177.94312916 |
|  96   |         91         |         13,650          |                  13,650                  |  0.1365   |   0.06204545    |     0.07445455      | 178.01758371 |
|  97   |         90         |         13,500          |                  13,500                  |   0.135   |   0.06136364    |     0.07363636      | 178.09122007 |
|  98   |         89         |         13,350          |                  13,350                  |  0.1335   |   0.06068182    |     0.07281818      | 178.16403825 |
|  99   |         88         |         13,200          |                  13,200                  |   0.132   |      0.06       |        0.072        | 178.23603825 |
|  100  |         87         |         13,050          |                  13,050                  |  0.1305   |   0.05931818    |     0.07118182      | 178.30722007 |
|  101  |         86         |         12,900          |                  12,900                  |   0.129   |   0.05863636    |     0.07036364      | 178.37758371 |
|  102  |         84         |         12,600          |                  12,600                  |   0.126   |   0.05727273    |     0.06872727      | 178.44631098 |
|  103  |         84         |         12,600          |                  12,600                  |   0.126   |   0.05727273    |     0.06872727      | 178.51503825 |
|  104  |         83         |         12,450          |                  12,450                  |  0.1245   |   0.05659091    |     0.06790909      | 178.58294734 |
|  105  |         81         |         12,150          |                  12,150                  |  0.1215   |   0.05522727    |     0.06627273      | 178.64922007 |
|  106  |         80         |         12,000          |                  12,000                  |   0.12    |   0.05454545    |     0.06545455      | 178.71467462 |
|  107  |         79         |         11,850          |                  11,850                  |  0.1185   |   0.05386364    |     0.06463636      | 178.77931098 |
|  108  |         75         |         11,250          |                  11,250                  |  0.10125  |    0.046875     |      0.054375       | 178.83368598 |
|  109  |         70         |         10,500          |                  10,500                  |  0.0945   |     0.04375     |       0.05075       | 178.88443598 |
|  110  |         66         |          9,900          |                  9,900                   |  0.0891   |     0.04125     |       0.04785       | 178.93228598 |
|  111  |         61         |          9,150          |                  9,150                   |  0.08235  |    0.038125     |      0.044225       | 178.97651098 |
|  112  |         56         |          8,400          |                  8,400                   |  0.0756   |      0.035      |       0.0406        | 179.01711098 |
|  113  |         51         |          7,650          |                  7,650                   |  0.06885  |    0.031875     |      0.036975       | 179.05408598 |
|  114  |         46         |          6,900          |                  6,900                   |  0.0621   |     0.02875     |       0.03335       | 179.08743598 |
|  115  |         43         |          6,450          |                  6,450                   |  0.05805  |    0.026875     |      0.031175       | 179.11861098 |
|  116  |         38         |          5,700          |                  5,700                   |  0.0513   |     0.02375     |       0.02755       | 179.14616098 |
|  117  |         33         |          4,950          |                  4,950                   |  0.04455  |    0.020625     |      0.023925       | 179.17008598 |
|  118  |         28         |          4,200          |                  4,200                   |  0.0378   |     0.0175      |       0.0203        | 179.19038598 |
|  119  |         23         |          3,450          |                  3,450                   |  0.03105  |    0.014375     |      0.016675       | 179.20706098 |
|  120  |         22         |          3,300          |                  3,300                   |  0.0264   |   0.01269231    |     0.01370769      | 179.22076867 |
+-------+--------------------+-------------------------+------------------------------------------+-----------+-----------------+---------------------+--------------+